# End-use demand parameters in matrix format
# Generated by write_matrix_dat.py

param end_uses_demand_year :=
["YEAR_2020",*,*]:	AGRICULTURE	EXPORT	HOUSEHOLDS	INDUSTRY	SERVICES	TRANSPORTATION	:=
ELECTRICITY_EHV	0	0	0	6145.77	0	0
ELECTRICITY_EHV_EXPORT	0	38889.0	0	0	0	0
ELECTRICITY_HV	0	0	0	69490.28	0	0
ELECTRICITY_LV	0	0	16909.51	0	10145.21	0
ELECTRICITY_MV	1976.53	0	0	11387.06	3738.43	0
HEAT_HIGH_T	0	0	0	65466.88	1017.59	0
HEAT_LOW_T_HW	126.63	0	12245.98	697.87	2870.39	0
HEAT_LOW_T_SC	0	0	2698.06	0	3310.32	0
HEAT_LOW_T_SH	1139.63	0	52688.96	6246.67	21302.37	0
LIGHTING	82.36	0	4141.92	5554.67	11818.53	0
MOBILITY_FREIGHT_ELD	0	0	0	0	0	97945.47
MOBILITY_FREIGHT_LD	0	0	0	0	0	20729.93
MOBILITY_FREIGHT_MD	0	0	0	0	0	26577.7
MOBILITY_FREIGHT_SD	3127.79	0	0	0	0	7914.59
MOBILITY_PASSENGER_LD	0	0	0	0	0	16613.36
MOBILITY_PASSENGER_MD	0	0	0	0	0	52183.11
MOBILITY_PASSENGER_SD	0	0	0	0	0	60575.77
["YEAR_2025",*,*]:	AGRICULTURE	EXPORT	HOUSEHOLDS	INDUSTRY	SERVICES	TRANSPORTATION	:=
ELECTRICITY_EHV	0	0	0	7089.69	0	0
ELECTRICITY_EHV_EXPORT	0	35556.0	0	0	0	0
ELECTRICITY_HV	0	0	0	72996.22	0	0
ELECTRICITY_LV	0	0	16235.92	0	11233.79	0
ELECTRICITY_MV	1988.27	0	0	11551.03	3523.39	0
HEAT_HIGH_T	0	0	0	74419.42	1065.93	0
HEAT_LOW_T_HW	121.73	0	13315.92	619.44	2874.75	0
HEAT_LOW_T_SC	0	0	2858.15	0	2970.86	0
HEAT_LOW_T_SH	1095.58	0	55334.72	3239.12	20755.02	0
LIGHTING	82.84	0	4941.8	5849.17	12036.27	0
MOBILITY_FREIGHT_ELD	0	0	0	0	0	110192.59
MOBILITY_FREIGHT_LD	0	0	0	0	0	21797.83
MOBILITY_FREIGHT_MD	0	0	0	0	0	28373.24
MOBILITY_FREIGHT_SD	3236.1	0	0	0	0	8959.72
MOBILITY_PASSENGER_LD	0	0	0	0	0	62747.62
MOBILITY_PASSENGER_MD	0	0	0	0	0	55985.72
MOBILITY_PASSENGER_SD	0	0	0	0	0	64271.49
["YEAR_2030",*,*]:	AGRICULTURE	EXPORT	HOUSEHOLDS	INDUSTRY	SERVICES	TRANSPORTATION	:=
ELECTRICITY_EHV	0	0	0	7269.2668794223955	0	0
ELECTRICITY_EHV_EXPORT	0	35556.0	0	0	0	0
ELECTRICITY_HV	0	0	0	74845.16309867296	0	0
ELECTRICITY_LV	0	0	16628.90387482597	0	11600.265070503352	0
ELECTRICITY_MV	1988.27	0	0	11843.6094952268	3638.3320274600824	0
HEAT_HIGH_T	0	0	0	76304.41175732996	1100.7033731805238	0
HEAT_LOW_T_HW	121.73	0	13638.226456207756	635.1299811119259	2968.5317253953926	0
HEAT_LOW_T_SC	0	0	2927.3303643916606	0	3067.777080340258	0
HEAT_LOW_T_SH	1095.58	0	56674.07451012386	3321.164639705639	21432.102037121796	0
LIGHTING	82.84	0	5061.414269632702	5997.325377147816	12428.924028324134	0
MOBILITY_FREIGHT_ELD	0	0	0	0	0	107346.45733120413
MOBILITY_FREIGHT_LD	0	0	0	0	0	21234.820127268464
MOBILITY_FREIGHT_MD	0	0	0	0	0	27640.395756266502
MOBILITY_FREIGHT_SD	3236.1	0	0	0	0	8728.301972750947
MOBILITY_PASSENGER_LD	0	0	0	0	0	62574.95339926002
MOBILITY_PASSENGER_MD	0	0	0	0	0	55831.660547826665
MOBILITY_PASSENGER_SD	0	0	0	0	0	64094.63006965054
["YEAR_2035",*,*]:	AGRICULTURE	EXPORT	HOUSEHOLDS	INDUSTRY	SERVICES	TRANSPORTATION	:=
ELECTRICITY_EHV	0	0	0	7535.043198389639	0	0
ELECTRICITY_EHV_EXPORT	0	35556.0	0	0	0	0
ELECTRICITY_HV	0	0	0	77581.62501028307	0	0
ELECTRICITY_LV	0	0	17147.81427461211	0	12349.389853755865	0
ELECTRICITY_MV	1988.27	0	0	12276.631282312017	3873.289131880236	0
HEAT_HIGH_T	0	0	0	79094.22619312014	1171.784867512566	0
HEAT_LOW_T_HW	121.73	0	14063.811786187223	658.3513748570782	3160.23430045289	0
HEAT_LOW_T_SC	0	0	3018.6786685930088	0	3265.888746445247	0
HEAT_LOW_T_SH	1095.58	0	58442.60759462132	3442.591865761105	22816.149616692142	0
LIGHTING	82.84	0	5219.357362088389	6216.597428762714	13231.562154452424	0
MOBILITY_FREIGHT_ELD	0	0	0	0	0	106960.28872599005
MOBILITY_FREIGHT_LD	0	0	0	0	0	21158.42989442437
MOBILITY_FREIGHT_MD	0	0	0	0	0	27540.962078228764
MOBILITY_FREIGHT_SD	3236.1	0	0	0	0	8696.902741863381
MOBILITY_PASSENGER_LD	0	0	0	0	0	62475.880922741155
MOBILITY_PASSENGER_MD	0	0	0	0	0	55743.26446316096
MOBILITY_PASSENGER_SD	0	0	0	0	0	63993.15154849138
["YEAR_2040",*,*]:	AGRICULTURE	EXPORT	HOUSEHOLDS	INDUSTRY	SERVICES	TRANSPORTATION	:=
ELECTRICITY_EHV	0	0	0	7760.053454881501	0	0
ELECTRICITY_EHV_EXPORT	0	35556.0	0	0	0	0
ELECTRICITY_HV	0	0	0	79898.3551049891	0	0
ELECTRICITY_LV	0	0	17621.540045506277	0	13224.344490791336	0
ELECTRICITY_MV	1988.27	0	0	12643.234084838672	4147.711781634629	0
HEAT_HIGH_T	0	0	0	81456.12534275511	1254.8058600943411	0
HEAT_LOW_T_HW	121.73	0	14452.338858700827	678.0109584610608	3384.1369942737397	0
HEAT_LOW_T_SC	0	0	3102.072730160272	0	3497.277060895063	0
HEAT_LOW_T_SH	1095.58	0	60057.143936831235	3545.393994205074	24432.674493048562	0
LIGHTING	82.84	0	5363.547405806565	6402.236468264372	14169.018725129901	0
MOBILITY_FREIGHT_ELD	0	0	0	0	0	107800.73243118203
MOBILITY_FREIGHT_LD	0	0	0	0	0	21324.68289755593
MOBILITY_FREIGHT_MD	0	0	0	0	0	27757.366021124573
MOBILITY_FREIGHT_SD	3236.1	0	0	0	0	8765.238918318466
MOBILITY_PASSENGER_LD	0	0	0	0	0	62095.14209028445
MOBILITY_PASSENGER_MD	0	0	0	0	0	55403.55536077511
MOBILITY_PASSENGER_SD	0	0	0	0	0	63603.16620621301
["YEAR_2045",*,*]:	AGRICULTURE	EXPORT	HOUSEHOLDS	INDUSTRY	SERVICES	TRANSPORTATION	:=
ELECTRICITY_EHV	0	0	0	7938.759596544723	0	0
ELECTRICITY_EHV_EXPORT	0	35556.0	0	0	0	0
ELECTRICITY_HV	0	0	0	81738.33299290799	0	0
ELECTRICITY_LV	0	0	18042.103135080437	0	14249.940176823595	0
ELECTRICITY_MV	1988.27	0	0	12934.39491183338	4469.381813227636	0
HEAT_HIGH_T	0	0	0	83331.97709551366	1352.1205873246315	0
HEAT_LOW_T_HW	121.73	0	14797.264459204054	693.6248615219655	3646.5890428184634	0
HEAT_LOW_T_SC	0	0	3176.1081032383845	0	3768.503530306169	0
HEAT_LOW_T_SH	1095.58	0	61490.4930050652	3627.04081340086	26327.516659006196	0
LIGHTING	82.84	0	5491.556085084215	6549.673465175699	15267.877310515552	0
MOBILITY_FREIGHT_ELD	0	0	0	0	0	110232.54956967576
MOBILITY_FREIGHT_LD	0	0	0	0	0	21805.73463230482
MOBILITY_FREIGHT_MD	0	0	0	0	0	28383.529098937663
MOBILITY_FREIGHT_SD	3236.1	0	0	0	0	8962.969098288871
MOBILITY_PASSENGER_LD	0	0	0	0	0	61688.86337198132
MOBILITY_PASSENGER_MD	0	0	0	0	0	55041.05863875
MOBILITY_PASSENGER_SD	0	0	0	0	0	63187.02072403166
["YEAR_2050",*,*]:	AGRICULTURE	EXPORT	HOUSEHOLDS	INDUSTRY	SERVICES	TRANSPORTATION	:=
ELECTRICITY_EHV	0	0	0	8153.2166734663	0	0
ELECTRICITY_EHV_EXPORT	0	35556.0	0	0	0	0
ELECTRICITY_HV	0	0	0	83946.40640197444	0	0
ELECTRICITY_LV	0	0	18471.213740845506	0	15524.450234066539	0
ELECTRICITY_MV	1988.27	0	0	13283.803719444635	4869.121882303986	0
HEAT_HIGH_T	0	0	0	85583.10109097738	1473.0538169218532	0
HEAT_LOW_T_HW	121.73	0	15149.200321016579	712.3623933080241	3972.7387916618327	0
HEAT_LOW_T_SC	0	0	3251.648169823304	0	4105.557271622392	0
HEAT_LOW_T_SH	1095.58	0	62952.97343235484	3725.02143131197	28682.241264707252	0
LIGHTING	82.84	0	5622.166410311846	6726.605869923633	16633.431336956455	0
MOBILITY_FREIGHT_ELD	0	0	0	0	0	114381.81827059835
MOBILITY_FREIGHT_LD	0	0	0	0	0	22626.525338531355
MOBILITY_FREIGHT_MD	0	0	0	0	0	29451.9148830976
MOBILITY_FREIGHT_SD	3236.1	0	0	0	0	9300.344649267663
MOBILITY_PASSENGER_LD	0	0	0	0	0	61446.766651369864
MOBILITY_PASSENGER_MD	0	0	0	0	0	54825.051095944844
MOBILITY_PASSENGER_SD	0	0	0	0	0	62939.0445146103
;

