# Lignes ajoutees aux tables de main (cf. subtechs.py): sous-technologies PV/eolien + DEC_HP_ELEC_WINTER/PEAK,
# presentes dans QC_data.dat mais absentes des tables pathway de main (run_pathway y echoue: no value for AGE).
[DEC_HP_ELEC_WINTER, *, *] :	2015_2020	2020_2025	2025_2030	2030_2035	2035_2040	2040_2045	2045_2050	:=
2015_2020	2.5	5	5	5	0.5	0.0	0.0
2020_2025	0.0	2.5	5	5	5	0.5	0.0
2025_2030	0.0	0.0	2.5	5	5	5	0.5
2030_2035	0.0	0.0	0.0	2.5	5	5	5
2035_2040	0.0	0.0	0.0	0.0	2.5	5	5
2040_2045	0.0	0.0	0.0	0.0	0.0	2.5	5
2045_2050	0.0	0.0	0.0	0.0	0.0	0.0	2.5
[DEC_HP_ELEC_PEAK, *, *] :	2015_2020	2020_2025	2025_2030	2030_2035	2035_2040	2040_2045	2045_2050	:=
2015_2020	2.5	5	5	5	0.5	0.0	0.0
2020_2025	0.0	2.5	5	5	5	0.5	0.0
2025_2030	0.0	0.0	2.5	5	5	5	0.5
2030_2035	0.0	0.0	0.0	2.5	5	5	5
2035_2040	0.0	0.0	0.0	0.0	2.5	5	5
2040_2045	0.0	0.0	0.0	0.0	0.0	2.5	5
2045_2050	0.0	0.0	0.0	0.0	0.0	0.0	2.5
[NEW_WIND_ONSHORE_DD_EESG, *, *] :	2015_2020	2020_2025	2025_2030	2030_2035	2035_2040	2040_2045	2045_2050	:=
2015_2020	2.5	5	5	5	5	2.5	0.0
2020_2025	0.0	2.5	5	5	5	5	2.5
2025_2030	0.0	0.0	2.5	5	5	5	5
2030_2035	0.0	0.0	0.0	2.5	5	5	5
2035_2040	0.0	0.0	0.0	0.0	2.5	5	5
2040_2045	0.0	0.0	0.0	0.0	0.0	2.5	5
2045_2050	0.0	0.0	0.0	0.0	0.0	0.0	2.5
[NEW_WIND_ONSHORE_GB_DFIG_SCIG, *, *] :	2015_2020	2020_2025	2025_2030	2030_2035	2035_2040	2040_2045	2045_2050	:=
2015_2020	2.5	5	5	5	5	2.5	0.0
2020_2025	0.0	2.5	5	5	5	5	2.5
2025_2030	0.0	0.0	2.5	5	5	5	5
2030_2035	0.0	0.0	0.0	2.5	5	5	5
2035_2040	0.0	0.0	0.0	0.0	2.5	5	5
2040_2045	0.0	0.0	0.0	0.0	0.0	2.5	5
2045_2050	0.0	0.0	0.0	0.0	0.0	0.0	2.5
[NEW_WIND_ONSHORE_DD_PMSG, *, *] :	2015_2020	2020_2025	2025_2030	2030_2035	2035_2040	2040_2045	2045_2050	:=
2015_2020	2.5	5	5	5	5	2.5	0.0
2020_2025	0.0	2.5	5	5	5	5	2.5
2025_2030	0.0	0.0	2.5	5	5	5	5
2030_2035	0.0	0.0	0.0	2.5	5	5	5
2035_2040	0.0	0.0	0.0	0.0	2.5	5	5
2040_2045	0.0	0.0	0.0	0.0	0.0	2.5	5
2045_2050	0.0	0.0	0.0	0.0	0.0	0.0	2.5
[NEW_WIND_ONSHORE_GB_PMSG, *, *] :	2015_2020	2020_2025	2025_2030	2030_2035	2035_2040	2040_2045	2045_2050	:=
2015_2020	2.5	5	5	5	5	2.5	0.0
2020_2025	0.0	2.5	5	5	5	5	2.5
2025_2030	0.0	0.0	2.5	5	5	5	5
2030_2035	0.0	0.0	0.0	2.5	5	5	5
2035_2040	0.0	0.0	0.0	0.0	2.5	5	5
2040_2045	0.0	0.0	0.0	0.0	0.0	2.5	5
2045_2050	0.0	0.0	0.0	0.0	0.0	0.0	2.5
[WIND_ONSHORE_DD_EESG, *, *] :	2015_2020	2020_2025	2025_2030	2030_2035	2035_2040	2040_2045	2045_2050	:=
2015_2020	2.5	5	5	5	5	2.5	0.0
2020_2025	0.0	2.5	5	5	5	5	2.5
2025_2030	0.0	0.0	2.5	5	5	5	5
2030_2035	0.0	0.0	0.0	2.5	5	5	5
2035_2040	0.0	0.0	0.0	0.0	2.5	5	5
2040_2045	0.0	0.0	0.0	0.0	0.0	2.5	5
2045_2050	0.0	0.0	0.0	0.0	0.0	0.0	2.5
[WIND_ONSHORE_GB_DFIG_SCIG, *, *] :	2015_2020	2020_2025	2025_2030	2030_2035	2035_2040	2040_2045	2045_2050	:=
2015_2020	2.5	5	5	5	5	2.5	0.0
2020_2025	0.0	2.5	5	5	5	5	2.5
2025_2030	0.0	0.0	2.5	5	5	5	5
2030_2035	0.0	0.0	0.0	2.5	5	5	5
2035_2040	0.0	0.0	0.0	0.0	2.5	5	5
2040_2045	0.0	0.0	0.0	0.0	0.0	2.5	5
2045_2050	0.0	0.0	0.0	0.0	0.0	0.0	2.5
[WIND_ONSHORE_DD_PMSG, *, *] :	2015_2020	2020_2025	2025_2030	2030_2035	2035_2040	2040_2045	2045_2050	:=
2015_2020	2.5	5	5	5	5	2.5	0.0
2020_2025	0.0	2.5	5	5	5	5	2.5
2025_2030	0.0	0.0	2.5	5	5	5	5
2030_2035	0.0	0.0	0.0	2.5	5	5	5
2035_2040	0.0	0.0	0.0	0.0	2.5	5	5
2040_2045	0.0	0.0	0.0	0.0	0.0	2.5	5
2045_2050	0.0	0.0	0.0	0.0	0.0	0.0	2.5
[WIND_ONSHORE_GB_PMSG, *, *] :	2015_2020	2020_2025	2025_2030	2030_2035	2035_2040	2040_2045	2045_2050	:=
2015_2020	2.5	5	5	5	5	2.5	0.0
2020_2025	0.0	2.5	5	5	5	5	2.5
2025_2030	0.0	0.0	2.5	5	5	5	5
2030_2035	0.0	0.0	0.0	2.5	5	5	5
2035_2040	0.0	0.0	0.0	0.0	2.5	5	5
2040_2045	0.0	0.0	0.0	0.0	0.0	2.5	5
2045_2050	0.0	0.0	0.0	0.0	0.0	0.0	2.5
[WIND_OFFSHORE_DD_EESG, *, *] :	2015_2020	2020_2025	2025_2030	2030_2035	2035_2040	2040_2045	2045_2050	:=
2015_2020	2.5	5	5	5	5	2.5	0.0
2020_2025	0.0	2.5	5	5	5	5	2.5
2025_2030	0.0	0.0	2.5	5	5	5	5
2030_2035	0.0	0.0	0.0	2.5	5	5	5
2035_2040	0.0	0.0	0.0	0.0	2.5	5	5
2040_2045	0.0	0.0	0.0	0.0	0.0	2.5	5
2045_2050	0.0	0.0	0.0	0.0	0.0	0.0	2.5
[WIND_OFFSHORE_GB_DFIG_SCIG, *, *] :	2015_2020	2020_2025	2025_2030	2030_2035	2035_2040	2040_2045	2045_2050	:=
2015_2020	2.5	5	5	5	5	2.5	0.0
2020_2025	0.0	2.5	5	5	5	5	2.5
2025_2030	0.0	0.0	2.5	5	5	5	5
2030_2035	0.0	0.0	0.0	2.5	5	5	5
2035_2040	0.0	0.0	0.0	0.0	2.5	5	5
2040_2045	0.0	0.0	0.0	0.0	0.0	2.5	5
2045_2050	0.0	0.0	0.0	0.0	0.0	0.0	2.5
[WIND_OFFSHORE_DD_PMSG, *, *] :	2015_2020	2020_2025	2025_2030	2030_2035	2035_2040	2040_2045	2045_2050	:=
2015_2020	2.5	5	5	5	5	2.5	0.0
2020_2025	0.0	2.5	5	5	5	5	2.5
2025_2030	0.0	0.0	2.5	5	5	5	5
2030_2035	0.0	0.0	0.0	2.5	5	5	5
2035_2040	0.0	0.0	0.0	0.0	2.5	5	5
2040_2045	0.0	0.0	0.0	0.0	0.0	2.5	5
2045_2050	0.0	0.0	0.0	0.0	0.0	0.0	2.5
[WIND_OFFSHORE_GB_PMSG, *, *] :	2015_2020	2020_2025	2025_2030	2030_2035	2035_2040	2040_2045	2045_2050	:=
2015_2020	2.5	5	5	5	5	2.5	0.0
2020_2025	0.0	2.5	5	5	5	5	2.5
2025_2030	0.0	0.0	2.5	5	5	5	5
2030_2035	0.0	0.0	0.0	2.5	5	5	5
2035_2040	0.0	0.0	0.0	0.0	2.5	5	5
2040_2045	0.0	0.0	0.0	0.0	0.0	2.5	5
2045_2050	0.0	0.0	0.0	0.0	0.0	0.0	2.5
[PV_ROOF_C_SI, *, *] :	2015_2020	2020_2025	2025_2030	2030_2035	2035_2040	2040_2045	2045_2050	:=
2015_2020	2.5	5	5	5	5	2.5	0.0
2020_2025	0.0	2.5	5	5	5	5	2.5
2025_2030	0.0	0.0	2.5	5	5	5	5
2030_2035	0.0	0.0	0.0	2.5	5	5	5
2035_2040	0.0	0.0	0.0	0.0	2.5	5	5
2040_2045	0.0	0.0	0.0	0.0	0.0	2.5	5
2045_2050	0.0	0.0	0.0	0.0	0.0	0.0	2.5
[PV_ROOF_CDTE, *, *] :	2015_2020	2020_2025	2025_2030	2030_2035	2035_2040	2040_2045	2045_2050	:=
2015_2020	2.5	5	5	5	5	2.5	0.0
2020_2025	0.0	2.5	5	5	5	5	2.5
2025_2030	0.0	0.0	2.5	5	5	5	5
2030_2035	0.0	0.0	0.0	2.5	5	5	5
2035_2040	0.0	0.0	0.0	0.0	2.5	5	5
2040_2045	0.0	0.0	0.0	0.0	0.0	2.5	5
2045_2050	0.0	0.0	0.0	0.0	0.0	0.0	2.5
[PV_ROOF_CIGS, *, *] :	2015_2020	2020_2025	2025_2030	2030_2035	2035_2040	2040_2045	2045_2050	:=
2015_2020	2.5	5	5	5	5	2.5	0.0
2020_2025	0.0	2.5	5	5	5	5	2.5
2025_2030	0.0	0.0	2.5	5	5	5	5
2030_2035	0.0	0.0	0.0	2.5	5	5	5
2035_2040	0.0	0.0	0.0	0.0	2.5	5	5
2040_2045	0.0	0.0	0.0	0.0	0.0	2.5	5
2045_2050	0.0	0.0	0.0	0.0	0.0	0.0	2.5
[PV_ROOF_A_SIGE, *, *] :	2015_2020	2020_2025	2025_2030	2030_2035	2035_2040	2040_2045	2045_2050	:=
2015_2020	2.5	5	5	5	5	2.5	0.0
2020_2025	0.0	2.5	5	5	5	5	2.5
2025_2030	0.0	0.0	2.5	5	5	5	5
2030_2035	0.0	0.0	0.0	2.5	5	5	5
2035_2040	0.0	0.0	0.0	0.0	2.5	5	5
2040_2045	0.0	0.0	0.0	0.0	0.0	2.5	5
2045_2050	0.0	0.0	0.0	0.0	0.0	0.0	2.5
[PV_GROUND_C_SI, *, *] :	2015_2020	2020_2025	2025_2030	2030_2035	2035_2040	2040_2045	2045_2050	:=
2015_2020	2.5	5	5	5	5	2.5	0.0
2020_2025	0.0	2.5	5	5	5	5	2.5
2025_2030	0.0	0.0	2.5	5	5	5	5
2030_2035	0.0	0.0	0.0	2.5	5	5	5
2035_2040	0.0	0.0	0.0	0.0	2.5	5	5
2040_2045	0.0	0.0	0.0	0.0	0.0	2.5	5
2045_2050	0.0	0.0	0.0	0.0	0.0	0.0	2.5
[PV_GROUND_CDTE, *, *] :	2015_2020	2020_2025	2025_2030	2030_2035	2035_2040	2040_2045	2045_2050	:=
2015_2020	2.5	5	5	5	5	2.5	0.0
2020_2025	0.0	2.5	5	5	5	5	2.5
2025_2030	0.0	0.0	2.5	5	5	5	5
2030_2035	0.0	0.0	0.0	2.5	5	5	5
2035_2040	0.0	0.0	0.0	0.0	2.5	5	5
2040_2045	0.0	0.0	0.0	0.0	0.0	2.5	5
2045_2050	0.0	0.0	0.0	0.0	0.0	0.0	2.5
[PV_GROUND_CIGS, *, *] :	2015_2020	2020_2025	2025_2030	2030_2035	2035_2040	2040_2045	2045_2050	:=
2015_2020	2.5	5	5	5	5	2.5	0.0
2020_2025	0.0	2.5	5	5	5	5	2.5
2025_2030	0.0	0.0	2.5	5	5	5	5
2030_2035	0.0	0.0	0.0	2.5	5	5	5
2035_2040	0.0	0.0	0.0	0.0	2.5	5	5
2040_2045	0.0	0.0	0.0	0.0	0.0	2.5	5
2045_2050	0.0	0.0	0.0	0.0	0.0	0.0	2.5
[PV_GROUND_A_SIGE, *, *] :	2015_2020	2020_2025	2025_2030	2030_2035	2035_2040	2040_2045	2045_2050	:=
2015_2020	2.5	5	5	5	5	2.5	0.0
2020_2025	0.0	2.5	5	5	5	5	2.5
2025_2030	0.0	0.0	2.5	5	5	5	5
2030_2035	0.0	0.0	0.0	2.5	5	5	5
2035_2040	0.0	0.0	0.0	0.0	2.5	5	5
2040_2045	0.0	0.0	0.0	0.0	0.0	2.5	5
2045_2050	0.0	0.0	0.0	0.0	0.0	0.0	2.5
